2458204.09107217 -1.45800  0.00316 
2458204.09351428 -1.46300  0.00316 
2458204.09591009 -1.46100  0.00316 
2458204.09829434 -1.45900  0.00316 
2458204.10547021 -1.46100  0.00316 
2458204.11264624 -1.45700  0.00224 
2458204.11982210 -1.46500  0.00224 
2458204.12698640 -1.45800  0.00224 
2458204.12938221 -1.45500  0.00224 
2458204.13176645 -1.46000  0.00224 
2458204.13416226 -1.44700  0.00224 
2458204.13654650 -1.45200  0.00224 
2458204.13893078 -1.44500  0.00224 
2458204.14132659 -1.43800  0.00224 
2458204.14371083 -1.43500  0.00224 
2458204.14610667 -1.43600  0.00224 
2458204.14850248 -1.43300  0.00224 
2458204.15328254 -1.43400  0.00224 
2458204.15806258 -1.42800  0.00224 
2458204.16284268 -1.43100  0.00224 
2458204.16762273 -1.43300  0.00224 
2458204.17240279 -1.42800  0.00224 
2458204.17718285 -1.43100  0.00224 
2458204.18196291 -1.43100  0.00224 
2458204.18673138 -1.42800  0.00224 
2458204.19151144 -1.43300  0.00224 
2458204.19629159 -1.43400  0.00224 
2458204.20107163 -1.43100  0.00224 
2458204.20346744 -1.43500  0.00224 
2458204.20585169 -1.43600  0.00224 
2458204.20824750 -1.44000  0.00224 
2458204.21063174 -1.43700  0.00224 
2458204.21301597 -1.44200  0.00224 
2458204.21541179 -1.44000  0.00224 
2458204.21780760 -1.44900  0.00224 
2458204.22019184 -1.45200  0.00224 
2458204.22497189 -1.45700  0.00224 
2458204.23214775 -1.45700  0.00224 
2458204.23931203 -1.45500  0.00224 
2458204.24647633 -1.45600  0.00224 
2458204.25364064 -1.45900  0.00224 
2458204.26081650 -1.45700  0.00224 
2458204.26799236 -1.45700  0.00224 
2458204.27515665 -1.45900  0.00224 
