2458204.09107217   0.99986104   0.00109409
2458204.09351428   1.00071278   0.00108005
2458204.09591009   0.99991675   0.00107966
2458204.09829434   0.99938929   0.00105405
2458204.10547021   0.99863975   0.00102968
2458204.11264624   1.00131063   0.00102951
2458204.11982210   1.00183432   0.00100394
2458204.12698640   1.00043616   0.00097287
2458204.12938221   0.99934281   0.00096927
2458204.13176645   0.99821722   0.00094729
2458204.13416226   0.99236321   0.00093965
2458204.13654650   0.99087219   0.00094567
2458204.13893078   0.98690604   0.00093849
2458204.14132659   0.98360314   0.00091784
2458204.14371083   0.98236731   0.00092076
2458204.14610667   0.98194347   0.00090987
2458204.14850248   0.98027063   0.00091162
2458204.15328254   0.97922812   0.00089771
2458204.15806258   0.97731788   0.00090311
2458204.16284268   0.97727088   0.00090374
2458204.16762273   0.97783504   0.00089850
2458204.17240279   0.97455637   0.00089770
2458204.17718285   0.97619380   0.00090245
2458204.18196291   0.97530270   0.00089676
2458204.18673138   0.97563277   0.00089734
2458204.19151144   0.97802060   0.00088475
2458204.19629159   0.97886622   0.00088597
2458204.20107163   0.97741077   0.00088943
2458204.20346744   0.98004473   0.00088346
2458204.20585169   0.98018088   0.00088997
2458204.20824750   0.98089828   0.00090169
2458204.21063174   0.98172967   0.00089784
2458204.21301597   0.98380618   0.00089367
2458204.21541179   0.98597649   0.00087918
2458204.21780760   0.99070108   0.00088244
2458204.22019184   0.99348749   0.00087881
2458204.22497189   0.99938985   0.00087040
2458204.23214775   1.00161268   0.00086280
2458204.23931203   0.99994337   0.00082996
2458204.24647633   0.99984043   0.00082020
2458204.25364064   1.00091711   0.00080039
2458204.26081650   0.99945631   0.00076865
2458204.26799236   0.99925705   0.00074154
2458204.27515665   0.99992245   0.00073424
