2458204.09107217 -0.60400  0.00141 
2458204.09351428 -0.60300  0.00141 
2458204.09591009 -0.59900  0.00141 
2458204.09829434 -0.59900  0.00141 
2458204.10547021 -0.60000  0.00141 
2458204.11264624 -0.60300  0.00141 
2458204.11982210 -0.60200  0.00141 
2458204.12698640 -0.60200  0.00141 
2458204.12938221 -0.60100  0.00141 
2458204.13176645 -0.59700  0.00141 
2458204.13416226 -0.59300  0.00141 
2458204.13654650 -0.59100  0.00141 
2458204.13893078 -0.58600  0.00141 
2458204.14132659 -0.58400  0.00141 
2458204.14371083 -0.58200  0.00141 
2458204.14610667 -0.58300  0.00141 
2458204.14850248 -0.58100  0.00141 
2458204.15328254 -0.57900  0.00141 
2458204.15806258 -0.57700  0.00141 
2458204.16284268 -0.57600  0.00141 
2458204.16762273 -0.57700  0.00141 
2458204.17240279 -0.57300  0.00141 
2458204.17718285 -0.57500  0.00141 
2458204.18196291 -0.57200  0.00141 
2458204.18673138 -0.57400  0.00141 
2458204.19151144 -0.57600  0.00141 
2458204.19629159 -0.57800  0.00141 
2458204.20107163 -0.57600  0.00141 
2458204.20346744 -0.58000  0.00141 
2458204.20585169 -0.57800  0.00141 
2458204.20824750 -0.57800  0.00141 
2458204.21063174 -0.58100  0.00141 
2458204.21301597 -0.58300  0.00141 
2458204.21541179 -0.58600  0.00141 
2458204.21780760 -0.59100  0.00141 
2458204.22019184 -0.59300  0.00141 
2458204.22497189 -0.59900  0.00141 
2458204.23214775 -0.60200  0.00141 
2458204.23931203 -0.60200  0.00141 
2458204.24647633 -0.60200  0.00141 
2458204.25364064 -0.60200  0.00141 
2458204.26081650 -0.59900  0.00141 
2458204.26799236 -0.60100  0.00141 
2458204.27515665 -0.60000  0.00141 
