   0     2458204.09107217    0.000    0.000    0.000    0.000    0.000
   1     2458204.09107217    0.000    0.000   54.419   63.407   43.406
   2     2458204.09351428   -0.429   -1.015   55.068   63.447   43.406
   3     2458204.09591009   -0.500   -2.288   55.705   63.476   43.406
   4     2458204.09829434   -0.781   -3.602   56.339   63.495   43.406
   5     2458204.10547021   -2.397   -8.692   58.249   63.479   43.406
   6     2458204.11264624    2.008    6.557   60.157   63.349   43.404
   7     2458204.11982210    0.222    3.072   62.061   63.074   43.404
   8     2458204.12698640   -1.139    0.575   63.958   62.631   43.404
   9     2458204.12938221   -2.036    0.093   64.587   62.440   43.404
  10     2458204.13176645   -2.502   -0.664   65.217   62.224   43.404
  11     2458204.13416226   -3.020   -1.295   65.844   61.983   43.404
  12     2458204.13654650   -3.746   -2.069   66.470   61.713   43.404
  13     2458204.13893078   -4.683   -2.453   67.094   61.415   43.404
  14     2458204.14132659   -5.772    1.342   67.717   61.082   43.404
  15     2458204.14371083   -6.346    0.665   68.337   60.716   43.404
  16     2458204.14610667   -6.987   -0.034   68.958   60.308   43.404
  17     2458204.14850248   -0.855   -0.374   69.572   59.862   43.404
  18     2458204.15328254   -2.870   -1.585   70.797   58.827   43.404
  19     2458204.15806258   -4.945   -2.323   72.003   57.581   43.404
  20     2458204.16284268   -3.477    1.694   73.195   56.077   43.403
  21     2458204.16762273   -5.537    1.310   74.361   54.265   43.403
  22     2458204.17240279   -7.346    0.154   75.499   52.081   43.403
  23     2458204.17718285   -9.454   -0.214   76.600   49.439   43.403
  24     2458204.18196291   -8.389   -1.069   77.653   46.245   43.403
  25     2458204.18673138   -9.862   -1.006   78.646   42.376   43.403
  26     2458204.19151144  -12.171   -1.150   79.560   37.706   43.403
  27     2458204.19629159   -7.006    8.206   80.376   32.093   43.402
  28     2458204.20107163   -9.699    8.707   81.061   25.441   43.402
  29     2458204.20346744  -10.669    8.493   81.346   21.721   43.402
  30     2458204.20585169  -11.827    8.747   81.586   17.752   43.402
  31     2458204.20824750  -12.756    8.664   81.778   13.568   43.402
  32     2458204.21063174  -13.410    8.927   81.918    9.193   43.402
  33     2458204.21301597  -14.746    9.860   82.004    4.687   43.402
  34     2458204.21541179  -15.698   10.295   82.034    0.126   43.402
  35     2458204.21780760  -16.945   10.155   82.007  355.537   43.402
  36     2458204.22019184  -17.579   10.616   81.923  351.022   43.402
  37     2458204.22497189  -19.803   11.447   81.596  342.448   43.402
  38     2458204.23214775  -22.850   12.524   80.753  331.260   43.402
  39     2458204.23931203  -26.408   13.611   79.583  322.423   43.402
  40     2458204.24647633  -29.993   15.566   78.184  315.693   43.402
  41     2458204.25364064  -25.773   18.666   76.628  310.633   43.402
  42     2458204.26081650  -28.668   20.723   74.964  306.829   43.402
  43     2458204.26799236  -31.685   23.142   73.222  303.957   43.402
  44     2458204.27515665  -34.611   26.874   71.432  301.793   43.402
