2458204.09107217 -0.49800  0.00141 
2458204.09351428 -0.50000  0.00141 
2458204.09591009 -0.50100  0.00141 
2458204.09829434 -0.50000  0.00141 
2458204.10547021 -0.49800  0.00141 
2458204.11264624 -0.50200  0.00141 
2458204.11982210 -0.50300  0.00141 
2458204.12698640 -0.50200  0.00141 
2458204.12938221 -0.50100  0.00141 
2458204.13176645 -0.49800  0.00141 
2458204.13416226 -0.49300  0.00141 
2458204.13654650 -0.48900  0.00141 
2458204.13893078 -0.48700  0.00141 
2458204.14132659 -0.48300  0.00141 
2458204.14371083 -0.48400  0.00141 
2458204.14610667 -0.48100  0.00141 
2458204.14850248 -0.47800  0.00141 
2458204.15328254 -0.47700  0.00141 
2458204.15806258 -0.47700  0.00141 
2458204.16284268 -0.47600  0.00141 
2458204.16762273 -0.47600  0.00141 
2458204.17240279 -0.47400  0.00141 
2458204.17718285 -0.47500  0.00141 
2458204.18196291 -0.47400  0.00141 
2458204.18673138 -0.47400  0.00141 
2458204.19151144 -0.47700  0.00141 
2458204.19629159 -0.47800  0.00141 
2458204.20107163 -0.47500  0.00141 
2458204.20346744 -0.47800  0.00141 
2458204.20585169 -0.47900  0.00141 
2458204.20824750 -0.47900  0.00141 
2458204.21063174 -0.48000  0.00141 
2458204.21301597 -0.48200  0.00141 
2458204.21541179 -0.48500  0.00141 
2458204.21780760 -0.48900  0.00141 
2458204.22019184 -0.49300  0.00141 
2458204.22497189 -0.50100  0.00141 
2458204.23214775 -0.50200  0.00141 
2458204.23931203 -0.49900  0.00141 
2458204.24647633 -0.50100  0.00141 
2458204.25364064 -0.50100  0.00141 
2458204.26081650 -0.50100  0.00141 
2458204.26799236 -0.49900  0.00141 
2458204.27515665 -0.50000  0.00141 
